KAJ7421106.1	KAJ7421106.1	100.000	358	0	0	1	358	1	358	0.0	732
KAJ7421106.1	XP_071433748.1	98.883	358	4	0	1	358	1	358	0.0	725
KAJ7421106.1	NXG07041.1	98.034	356	7	0	1	356	1	356	0.0	714
KAJ7421106.1	NWQ61543.1	94.413	358	20	0	1	358	1	358	0.0	698
KAJ7421106.1	NXU82281.1	94.693	358	19	0	1	358	1	358	0.0	698
KAJ7421106.1	NWR88488.1	94.663	356	19	0	1	356	1	356	0.0	697
KAJ7421106.1	KAJ7396366.1	94.134	358	21	0	1	358	1	358	0.0	694
KAJ7421106.1	NWI51179.1	93.855	358	22	0	1	358	1	358	0.0	693
KAJ7421106.1	NXF80428.1	94.101	356	21	0	1	356	1	356	0.0	692
KAJ7421106.1	NXM03647.1	93.855	358	22	0	1	358	1	358	0.0	692
