KAJ7396366.1	KAJ7396366.1	100.000	358	0	0	1	358	1	358	0.0	737
KAJ7396366.1	XP_027751872.1	98.603	358	5	0	1	358	1	358	0.0	728
KAJ7396366.1	NXM03647.1	98.324	358	6	0	1	358	1	358	0.0	725
KAJ7396366.1	XP_050183690.1	98.324	358	6	0	1	358	1	358	0.0	724
KAJ7396366.1	NWQ61543.1	97.207	358	10	0	1	358	1	358	0.0	721
KAJ7396366.1	NWU06903.1	96.348	356	13	0	1	356	1	356	0.0	712
KAJ7396366.1	NWR36081.1	95.810	358	15	0	1	358	1	358	0.0	711
KAJ7396366.1	NXM25081.1	95.787	356	15	0	1	356	1	356	0.0	707
KAJ7396366.1	NXK41328.1	96.348	356	13	0	1	356	1	356	0.0	707
KAJ7396366.1	NWU84876.1	94.693	358	19	0	1	358	1	358	0.0	705
